,Index Numbers ; All groups CPI ; Australia,Percentage Change from Corresponding Quarter of Previous Year ; All groups CPI ; Australia,Percentage Change from Previous Period ; All groups CPI ; Australia
1948-09-01,3.7,,
1948-12-01,3.8,,2.7
1949-03-01,3.9,,2.6
1949-06-01,4.0,,2.6
1949-09-01,4.1,10.8,2.5
1949-12-01,4.1,7.9,0.0
1950-03-01,4.2,7.7,2.4
1950-06-01,4.3,7.5,2.4
1950-09-01,4.4,7.3,2.3
1950-12-01,4.6,12.2,4.5
1951-03-01,4.8,14.3,4.3
1951-06-01,5.1,18.6,6.3
1951-09-01,5.3,20.5,3.9
1951-12-01,5.7,23.9,7.5
1952-03-01,5.9,22.9,3.5
1952-06-01,6.1,19.6,3.4
1952-09-01,6.2,17.0,1.6
1952-12-01,6.3,10.5,1.6
1953-03-01,6.3,6.8,0.0
1953-06-01,6.4,4.9,1.6
1953-09-01,6.5,4.8,1.6
1953-12-01,6.4,1.6,-1.5
1954-03-01,6.5,3.2,1.6
1954-06-01,6.5,1.6,0.0
1954-09-01,6.5,0.0,0.0
1954-12-01,6.5,1.6,0.0
1955-03-01,6.5,0.0,0.0
1955-06-01,6.6,1.5,1.5
1955-09-01,6.6,1.5,0.0
1955-12-01,6.7,3.1,1.5
1956-03-01,6.7,3.1,0.0
1956-06-01,7.0,6.1,4.5
1956-09-01,7.1,7.6,1.4
1956-12-01,7.1,6.0,0.0
1957-03-01,7.1,6.0,0.0
1957-06-01,7.2,2.9,1.4
1957-09-01,7.2,1.4,0.0
1957-12-01,7.2,1.4,0.0
1958-03-01,7.2,1.4,0.0
1958-06-01,7.2,0.0,0.0
1958-09-01,7.2,0.0,0.0
1958-12-01,7.3,1.4,1.4
1959-03-01,7.3,1.4,0.0
1959-06-01,7.3,1.4,0.0
1959-09-01,7.4,2.8,1.4
1959-12-01,7.5,2.7,1.4
1960-03-01,7.5,2.7,0.0
1960-06-01,7.6,4.1,1.3
1960-09-01,7.7,4.1,1.3
1960-12-01,7.8,4.0,1.3
1961-03-01,7.8,4.0,0.0
1961-06-01,7.9,3.9,1.3
1961-09-01,7.8,1.3,-1.3
1961-12-01,7.8,0.0,0.0
1962-03-01,7.8,0.0,0.0
1962-06-01,7.8,-1.3,0.0
1962-09-01,7.8,0.0,0.0
1962-12-01,7.8,0.0,0.0
1963-03-01,7.8,0.0,0.0
1963-06-01,7.8,0.0,0.0
1963-09-01,7.9,1.3,1.3
1963-12-01,7.9,1.3,0.0
1964-03-01,8.0,2.6,1.3
1964-06-01,8.0,2.6,0.0
1964-09-01,8.1,2.5,1.3
1964-12-01,8.2,3.8,1.2
1965-03-01,8.2,2.5,0.0
1965-06-01,8.3,3.8,1.2
1965-09-01,8.4,3.7,1.2
1965-12-01,8.5,3.7,1.2
1966-03-01,8.6,4.9,1.2
1966-06-01,8.6,3.6,0.0
1966-09-01,8.6,2.4,0.0
1966-12-01,8.7,2.4,1.2
1967-03-01,8.8,2.3,1.1
1967-06-01,8.9,3.5,1.1
1967-09-01,9.0,4.7,1.1
1967-12-01,9.0,3.4,0.0
1968-03-01,9.1,3.4,1.1
1968-06-01,9.1,2.2,0.0
1968-09-01,9.2,2.2,1.1
1968-12-01,9.2,2.2,0.0
1969-03-01,9.4,3.3,2.2
1969-06-01,9.4,3.3,0.0
1969-09-01,9.5,3.3,1.1
1969-12-01,9.5,3.3,0.0
1970-03-01,9.6,2.1,1.1
1970-06-01,9.7,3.2,1.0
1970-09-01,9.8,3.2,1.0
1970-12-01,10.0,5.3,2.0
1971-03-01,10.1,5.2,1.0
1971-06-01,10.2,5.2,1.0
1971-09-01,10.5,7.1,2.9
1971-12-01,10.7,7.0,1.9
1972-03-01,10.8,6.9,0.9
1972-06-01,10.9,6.9,0.9
1972-09-01,11.1,5.7,1.8
1972-12-01,11.2,4.7,0.9
1973-03-01,11.4,5.6,1.8
1973-06-01,11.8,8.3,3.5
1973-09-01,12.2,9.9,3.4
1973-12-01,12.6,12.5,3.3
1974-03-01,13.0,14.0,3.2
1974-06-01,13.5,14.4,3.8
1974-09-01,14.2,16.4,5.2
1974-12-01,14.7,16.7,3.5
1975-03-01,15.3,17.7,4.1
1975-06-01,15.8,17.0,3.3
1975-09-01,15.9,12.0,0.6
1975-12-01,16.8,14.3,5.7
1976-03-01,17.3,13.1,3.0
1976-06-01,17.7,12.0,2.3
1976-09-01,18.1,13.8,2.3
1976-12-01,19.2,14.3,6.1
1977-03-01,19.6,13.3,2.1
1977-06-01,20.1,13.6,2.6
1977-09-01,20.5,13.3,2.0
1977-12-01,21.0,9.4,2.4
1978-03-01,21.3,8.7,1.4
1978-06-01,21.7,8.0,1.9
1978-09-01,22.1,7.8,1.8
1978-12-01,22.6,7.6,2.3
1979-03-01,23.0,8.0,1.8
1979-06-01,23.6,8.8,2.6
1979-09-01,24.2,9.5,2.5
1979-12-01,24.9,10.2,2.9
1980-03-01,25.4,10.4,2.0
1980-06-01,26.2,11.0,3.1
1980-09-01,26.6,9.9,1.5
1980-12-01,27.2,9.2,2.3
1981-03-01,27.8,9.4,2.2
1981-06-01,28.4,8.4,2.2
1981-09-01,29.0,9.0,2.1
1981-12-01,30.2,11.0,4.1
1982-03-01,30.8,10.8,2.0
1982-06-01,31.5,10.9,2.3
1982-09-01,32.6,12.4,3.5
1982-12-01,33.6,11.3,3.1
1983-03-01,34.3,11.4,2.1
1983-06-01,35.0,11.1,2.0
1983-09-01,35.6,9.2,1.7
1983-12-01,36.5,8.6,2.5
1984-03-01,36.3,5.8,-0.5
1984-06-01,36.4,4.0,0.3
1984-09-01,36.9,3.7,1.4
1984-12-01,37.4,2.5,1.4
1985-03-01,37.9,4.4,1.3
1985-06-01,38.8,6.6,2.4
1985-09-01,39.7,7.6,2.3
1985-12-01,40.5,8.3,2.0
1986-03-01,41.4,9.2,2.2
1986-06-01,42.1,8.5,1.7
1986-09-01,43.2,8.8,2.6
1986-12-01,44.4,9.6,2.8
1987-03-01,45.3,9.4,2.0
1987-06-01,46.0,9.3,1.5
1987-09-01,46.8,8.3,1.7
1987-12-01,47.6,7.2,1.7
1988-03-01,48.4,6.8,1.7
1988-06-01,49.3,7.2,1.9
1988-09-01,50.2,7.3,1.8
1988-12-01,51.2,7.6,2.0
1989-03-01,51.7,6.8,1.0
1989-06-01,53.0,7.5,2.5
1989-09-01,54.2,8.0,2.3
1989-12-01,55.2,7.8,1.8
1990-03-01,56.2,8.7,1.8
1990-06-01,57.1,7.7,1.6
1990-09-01,57.5,6.1,0.7
1990-12-01,59.0,6.9,2.6
1991-03-01,58.9,4.8,-0.2
1991-06-01,59.0,3.3,0.2
1991-09-01,59.3,3.1,0.5
1991-12-01,59.9,1.5,1.0
1992-03-01,59.9,1.7,0.0
1992-06-01,59.7,1.2,-0.3
1992-09-01,59.8,0.8,0.2
1992-12-01,60.1,0.3,0.5
1993-03-01,60.6,1.2,0.8
1993-06-01,60.8,1.8,0.3
1993-09-01,61.1,2.2,0.5
1993-12-01,61.2,1.8,0.2
1994-03-01,61.5,1.5,0.5
1994-06-01,61.9,1.8,0.7
1994-09-01,62.3,2.0,0.6
1994-12-01,62.8,2.6,0.8
1995-03-01,63.8,3.7,1.6
1995-06-01,64.7,4.5,1.4
1995-09-01,65.5,5.1,1.2
1995-12-01,66.0,5.1,0.8
1996-03-01,66.2,3.8,0.3
1996-06-01,66.7,3.1,0.8
1996-09-01,66.9,2.1,0.3
1996-12-01,67.0,1.5,0.1
1997-03-01,67.1,1.4,0.1
1997-06-01,66.9,0.3,-0.3
1997-09-01,66.6,-0.4,-0.4
1997-12-01,66.8,-0.3,0.3
1998-03-01,67.0,-0.1,0.3
1998-06-01,67.4,0.7,0.6
1998-09-01,67.5,1.4,0.1
1998-12-01,67.8,1.5,0.4
1999-03-01,67.8,1.2,0.0
1999-06-01,68.1,1.0,0.4
1999-09-01,68.7,1.8,0.9
1999-12-01,69.1,1.9,0.6
2000-03-01,69.7,2.8,0.9
2000-06-01,70.2,3.1,0.7
2000-09-01,72.9,6.1,3.8
2000-12-01,73.1,5.8,0.3
2001-03-01,73.9,6.0,1.1
2001-06-01,74.5,6.1,0.8
2001-09-01,74.7,2.5,0.3
2001-12-01,75.4,3.1,0.9
2002-03-01,76.1,3.0,0.9
2002-06-01,76.6,2.8,0.7
2002-09-01,77.1,3.2,0.7
2002-12-01,77.6,2.9,0.6
2003-03-01,78.6,3.3,1.3
2003-06-01,78.6,2.6,0.0
2003-09-01,79.1,2.6,0.6
2003-12-01,79.5,2.4,0.5
2004-03-01,80.2,2.0,0.9
2004-06-01,80.6,2.5,0.5
2004-09-01,80.9,2.3,0.4
2004-12-01,81.5,2.5,0.7
2005-03-01,82.1,2.4,0.7
2005-06-01,82.6,2.5,0.6
2005-09-01,83.4,3.1,1.0
2005-12-01,83.8,2.8,0.5
2006-03-01,84.5,2.9,0.8
2006-06-01,85.9,4.0,1.7
2006-09-01,86.7,4.0,0.9
2006-12-01,86.6,3.3,-0.1
2007-03-01,86.6,2.5,0.0
2007-06-01,87.7,2.1,1.3
2007-09-01,88.3,1.8,0.7
2007-12-01,89.1,2.9,0.9
2008-03-01,90.3,4.3,1.3
2008-06-01,91.6,4.4,1.4
2008-09-01,92.7,5.0,1.2
2008-12-01,92.4,3.7,-0.3
2009-03-01,92.5,2.4,0.1
2009-06-01,92.9,1.4,0.4
2009-09-01,93.8,1.2,1.0
2009-12-01,94.3,2.1,0.5
2010-03-01,95.2,2.9,1.0
2010-06-01,95.8,3.1,0.6
2010-09-01,96.5,2.9,0.7
2010-12-01,96.9,2.8,0.4
2011-03-01,98.3,3.3,1.4
2011-06-01,99.2,3.5,0.9
2011-09-01,99.8,3.4,0.6
2011-12-01,99.8,3.0,0.0
2012-03-01,99.9,1.6,0.1
2012-06-01,100.4,1.2,0.5
2012-09-01,101.8,2.0,1.4
2012-12-01,102.0,2.2,0.2
2013-03-01,102.4,2.5,0.4
2013-06-01,102.8,2.4,0.4
2013-09-01,104.0,2.2,1.2
2013-12-01,104.8,2.7,0.8
2014-03-01,105.4,2.9,0.6
2014-06-01,105.9,3.0,0.5
2014-09-01,106.4,2.3,0.5
2014-12-01,106.6,1.7,0.2
2015-03-01,106.8,1.3,0.2
2015-06-01,107.5,1.5,0.7
2015-09-01,108.0,1.5,0.5
2015-12-01,108.4,1.7,0.4
2016-03-01,108.2,1.3,-0.2
2016-06-01,108.6,1.0,0.4
2016-09-01,109.4,1.3,0.7
2016-12-01,110.0,1.5,0.5
2017-03-01,110.5,2.1,0.5
2017-06-01,110.7,1.9,0.2
2017-09-01,111.4,1.8,0.6
2017-12-01,112.1,1.9,0.6
2018-03-01,112.6,1.9,0.4
2018-06-01,113.0,2.1,0.4
2018-09-01,113.5,1.9,0.4
2018-12-01,114.1,1.8,0.5
2019-03-01,114.1,1.3,0.0
2019-06-01,114.8,1.6,0.6
2019-09-01,115.4,1.7,0.5
2019-12-01,116.2,1.8,0.7
2020-03-01,116.6,2.2,0.3
2020-06-01,114.4,-0.3,-1.9
2020-09-01,116.2,0.7,1.6
2020-12-01,117.2,0.9,0.9
2021-03-01,117.9,1.1,0.6
2021-06-01,118.8,3.8,0.8
2021-09-01,119.7,3.0,0.8
2021-12-01,121.3,3.5,1.3
2022-03-01,123.9,5.1,2.1
2022-06-01,126.1,6.1,1.8
2022-09-01,128.4,7.3,1.8
2022-12-01,130.8,7.8,1.9
2023-03-01,132.6,7.0,1.4
2023-06-01,133.7,6.0,0.8
2023-09-01,135.3,5.4,1.2
